111111111110000101010101010101010101010101010101010101010101010101010101 1010101010000000000000000000000000000000000001 
0111111111111111111111111 
00000000000000000000000000000 
1111111111111111111111111111111111111 
111111111111111000000000000000000000000000 
000000000000000000000000000000000000000000000000 
11111111111111111111100000000000000000000000000000000 
1111111111111111111111111111 
000000000000000000000000000000 
1111111111111111 
000000000000000000000000 
111111111111111111111111111111 
11111111111111111111111111111111111111111111 
00000000000000000000000000000000000000000000000000 
00000000000000000000000000000000000000000000000000000001111111111111111111111 
111111111111111111111111111010101011010101010110101010101011010 
101010101011010101011010101010110101111111111111111111111111111111 
1111111111111111111111111111111111111111 
1111111111111111111111111111111111111111111111 
0000000000000000000000000000 
0000000000000000000 
000000000000000000000000000000000 
111111111100000000000000000000000000000000011111111111 
1111111111111111111111111111111111111111111111111111111111111 
111111111111111111 0000000000000000000000000000000 11111111111110101010101010101 
1001010101010101010101010110 
1010101010101001101010101010110101010 
11111111111111111111111111 0000000000000000000000000000000 
11111111111111111111 
000000000000000000000000000000000000 
111111111111111111111111110111111111111111111 
11111111111111111111111111111111111111111111111111 
0000000000000000000000000000000000000000000000000 
11111111111111111111111111 
00000000000000000000000000000000 
11111111111111111111111111111111111111 
0000000000000000000000000000000000000000 
11111111111111111111111111111111111111111111111 
1111111111111111111111111110 
000000000000000000000000000000 