111111111111111111111111111111111111 
11111111111111111111111111111 
111111111111111111111111111 
1111111111111111111111 
11111111111111111111111111111111 
11111111111111111111 
111111111111111111111111111 
111111111111111111111111111111111 
11111111111111111111 
100000000000000000000 
1000000000000000000 
11111111111111100000000000000000000000000000000000 
1100001111111111100000000000000000000000000000000000000000000 
10000000000000000000000000111111111111111 
01111111111111111111111111111111 
011111111111111111111111111 
0000000000000 
0111111111111111111111111111 
011111111 
0000000000000000000000000000000000000000000000000000000000000000000000 
01111111111111111111111111111111111 
0111111111111111111111111111111111111 
011111111111111111111111111111111 
111111111111111111111111111111111111111 
1000000000000000000000000000000000000000000 
10000000000000000000000 
1111111111111111111111111111111111111 
111111000001111100000000000000000 
111111111111111111111 
11111111111111111111111111111 
10000000000000000000000000000000000000000000 
1111111111111111 
11111111111 
0000000 
1111111111111111111111 
111111111111111111111111111111111 
1111111111111111111111111111111111111111 
000000000000000000000000000000000000000000000000 
0000000000000000000000000000000000000000000000000000000 
0000000000000000000000111111111111111111111111111111111111111111111111111111111 